%YAML:1.0
---
model_type: PINHOLE
camera_name: camera
image_width: 640
image_height: 480
distortion_parameters:
   k1: 0.0
   k2: 0.0
   p1: 0.0
   p2: 0.0
projection_parameters:
   fx: 611.3135375976562
   fy: 611.4854736328125
   cx: 323.3275146484375
   cy: 241.80349731445312

