%YAML:1.0
---
model_type: PINHOLE
camera_name: camera
image_width: 640
image_height: 480
distortion_parameters:
   k1: 0.0
   k2: 0.0
   p1: 0.0
   p2: 0.0
projection_parameters:
   fx: 380.2725830078125
   fy: 380.2725830078125
   cx: 318.3370056152344
   cy: 242.96621704101562