%YAML:1.0
---
model_type: PINHOLE
camera_name: camera
image_width: 640
image_height: 480
distortion_parameters:
   k1: 0.0
   k2: 0.0
   p1: 0.0
   p2: 0.0
projection_parameters:
   fx: 384.8744812011719
   fy: 384.8744812011719
   cx: 323.96630859375
   cy: 236.8873748779297