%YAML:1.0
---
model_type: PINHOLE
camera_name: camera
image_width: 640
image_height: 480
distortion_parameters:
   k1: 0.0
   k2: 0.0
   p1: 0.0
   p2: 0.0
projection_parameters:
   fx: 387.1536560058594
   fy: 387.1536560058594
   cx: 321.3246154785156
   cy: 233.5471954345703
