%YAML:1.0
---
model_type: PINHOLE
camera_name: camera
image_width: 640
image_height: 480
distortion_parameters:
   k1: 0.0
   k2: 0.0
   p1: 0.0
   p2: 0.0
projection_parameters:
   fx: 386.097412109375
   fy: 386.097412109375
   cx: 322.2331237792969
   cy: 237.49786376953125

